[{"id": 0, "img_name": "frame_00001", "width": 1059, "height": 858, "position": [-4.989162503252145, 0.40022158284324133, 0.4101534093522941], "rotation": [[0.9460768869523084, 0.13924953653939676, 0.2924860518865684], [-0.11314171831863165, 0.9880741973226436, -0.10444296128088774], [-0.30354155489905593, 0.06571869717802396, 0.9505490925200478]], "fy": 1733.508279918479, "fx": 1693.9534464760302}, {"id": 1, "img_name": "frame_00002", "width": 1059, "height": 858, "position": [-4.994120239255125, 0.41971002630939014, 0.4391160244983408], "rotation": [[0.9465871821645625, 0.13919842274554586, 0.2908547845006263], [-0.11335960843863746, 0.9881001668460372, -0.10395989348528671], [-0.3018647142949839, 0.0654359181488703, 0.9511024313288353]], "fy": 1733.508279918479, "fx": 1693.9534464760302}, {"id": 2, "img_name": "frame_00003", "width": 1059, "height": 858, "position": [-4.985827638763397, 0.43555828438870464, 0.4055342499284757], "rotation": [[0.9471046813637415, 0.13933827607432356, 0.2890978508386413], [-0.11355160672250092, 0.9880513278834392, -0.10421423165053331], [-0.3001645467899636, 0.06587426119819587, 0.9516101231922492]], "fy": 1733.508279918479, "fx": 1693.9534464760302}, {"id": 3, "img_name": "frame_00004", "width": 1059, "height": 858, "position": [-4.95779932153107, 0.4413964898740806, 0.36644871432887566], "rotation": [[0.9477277127336586, 0.1390861907547255, 0.287171053656123], [-0.1134826758986839, 0.9880776095110102, -0.10403999160842894], [-0.2982178143362701, 0.06601264367034401, 0.9522124059726119]], "fy": 1733.508279918479, "fx": 1693.9534464760302}, {"id": 4, "img_name": "frame_00005", "width": 1059, "height": 858, "position": [-4.9197211140538215, 0.4299493132772072, 0.3520582804730904], "rotation": [[0.9483744094753966, 0.13895899692753177, 0.28509012018147323], [-0.11361410556022618, 0.9881008429891528, -0.10367525790599846], [-0.2961043979240134, 0.06593270248533524, 0.9528772556174472]], "fy": 1733.508279918479, "fx": 1693.9534464760302}, {"id": 5, "img_name": "frame_00006", "width": 1059, "height": 858, "position": [-4.908949927754603, 0.42416910100684313, 0.3277797587310215], "rotation": [[0.9489861702985785, 0.13867693911701054, 0.2831853723962], [-0.11363175788464314, 0.9881577797831744, -0.10311171540631675], [-0.2941310459337527, 0.06567274024375994, 0.9535061714571083]], "fy": 1733.508279918479, "fx": 1693.9534464760302}, {"id": 6, "img_name": "frame_00007", "width": 1059, "height": 858, "position": [-4.90304276522854, 0.42144266329684016, 0.3154376779612982], "rotation": [[0.9496877240224508, 0.13835165588748105, 0.28098406743843934], [-0.11360130168607938, 0.9882122966009926, -0.10262164051417202], [-0.2918697844866539, 0.06553835640129832, 0.9542100150092382]], "fy": 1733.508279918479, "fx": 1693.9534464760302}, {"id": 7, "img_name": "frame_00008", "width": 1059, "height": 858, "position": [-4.873345974711765, 0.41766694369656343, 0.30887331250334954], "rotation": [[0.9503723364150518, 0.1381757250581917, 0.27874700210341047], [-0.11372131917833002, 0.9882472891287346, -0.10215065880378701], [-0.2895857105268423, 0.06538168347748725, 0.9549164108571565]], "fy": 1733.508279918479, "fx": 1693.9534464760302}, {"id": 8, "img_name": "frame_00009", "width": 1059, "height": 858, "position": [-4.83649115316069, 0.41690296127096627, 0.2787999697561542], "rotation": [[0.9510575646612582, 0.13805480827649408, 0.27646044674118764], [-0.11384791444917203, 0.9882633391120565, -0.10185393925942335], [-0.28727715028552225, 0.06539451413405228, 0.9556125765418749]], "fy": 1733.508279918479, "fx": 1693.9534464760302}, {"id": 9, "img_name": "frame_00010", "width": 1059, "height": 858, "position": [-4.819321160108179, 0.421699844410986, 0.2644731748402949], "rotation": [[0.9518335026759192, 0.13767162005776554, 0.2739699038477786], [-0.11384039107767363, 0.9883376633094537, -0.10113866047803487], [-0.28469869782451257, 0.06507832446121473, 0.9564054909620436]], "fy": 1733.508279918479, "fx": 1693.9534464760302}, {"id": 10, "img_name": "frame_00011", "width": 1059, "height": 858, "position": [-4.803235843793388, 0.4258838929828904, 0.2596933695328584], "rotation": [[0.9525588815209923, 0.13722615869981997, 0.2716625822669881], [-0.11372226671133193, 0.9884137941180703, -0.10052570641959083], [-0.28230980020097235, 0.0648625698350975, 0.9571280080244617]], "fy": 1733.508279918479, "fx": 1693.9534464760302}, {"id": 11, "img_name": "frame_00012", "width": 1059, "height": 858, "position": [-4.763226215672572, 0.42595871835357213, 0.24197004109759412], "rotation": [[0.9533746886798731, 0.13684728718397113, 0.2689786663937172], [-0.11361011706069718, 0.9884585562183024, -0.10021189520353337], [-0.27958799023922615, 0.06498078661586826, 0.9579186046239906]], "fy": 1733.508279918479, "fx": 1693.9534464760302}, {"id": 12, "img_name": "frame_00013", "width": 1059, "height": 858, "position": [-4.6981474721314775, 0.4135554152131143, 0.20024117671552613], "rotation": [[0.9542326417396696, 0.136300033916071, 0.26619986136925217], [-0.11334622485961379, 0.9885264356456197, -0.099840469449218], [-0.27675385950082987, 0.06509828557069881, 0.9587332864082432]], "fy": 1733.508279918479, "fx": 1693.9534464760302}, {"id": 13, "img_name": "frame_00014", "width": 1059, "height": 858, "position": [-4.6263562157315805, 0.39381770788386183, 0.16708016989989227], "rotation": [[0.9550901080543458, 0.1358813771433208, 0.26332325541503676], [-0.11329475359236098, 0.9885955336743896, -0.0992127492185101], [-0.273801359209892, 0.06492397203409059, 0.9595924622203597]], "fy": 1733.508279918479, "fx": 1693.9534464760302}, {"id": 14, "img_name": "frame_00015", "width": 1059, "height": 858, "position": [-4.537931846911161, 0.37344502371362387, 0.14631331233136743], "rotation": [[0.9558455556863761, 0.13557942085444064, 0.26072493995660906], [-0.11335965229096785, 0.9886571345325573, -0.09852238106310558], [-0.2711251794044105, 0.06461649153774437, 0.9603727641464428]], "fy": 1733.508279918479, "fx": 1693.9534464760302}, {"id": 15, "img_name": "frame_00016", "width": 1059, "height": 858, "position": [-4.446966568148888, 0.3601875460873684, 0.1549774418163663], "rotation": [[0.9566879882747135, 0.13521373300478345, 0.2578087265741656], [-0.11338148625188378, 0.9887245345356453, -0.09781836935149295], [-0.2681282000577253, 0.06435092240350825, 0.9612316199125069]], "fy": 1733.508279918479, "fx": 1693.9534464760302}, {"id": 16, "img_name": "frame_00017", "width": 1059, "height": 858, "position": [-4.354259674648343, 0.3422725234643667, 0.14122293600321334], "rotation": [[0.9576472672539652, 0.13447985260207287, 0.25461123456190465], [-0.11291367905095763, 0.988802557729252, -0.09757050225999153], [-0.2648815067236477, 0.06468903363178673, 0.9621086821786796]], "fy": 1733.508279918479, "fx": 1693.9534464760302}, {"id": 17, "img_name": "frame_00018", "width": 1059, "height": 858, "position": [-4.286767013410215, 0.3201054931033453, 0.06540177114322933], "rotation": [[0.9585658130392475, 0.1337662948085, 0.251511750114407], [-0.11259162712747814, 0.9889110547872347, -0.09684033880767733], [-0.2616767234073244, 0.06450972091711663, 0.9629972940429284]], "fy": 1733.508279918479, "fx": 1693.9534464760302}, {"id": 18, "img_name": "frame_00019", "width": 1059, "height": 858, "position": [-4.22016786029918, 0.2873169011603789, 0.005515421066667401], "rotation": [[0.9595079895778204, 0.13291112322179433, 0.24835267516225826], [-0.11214048685049437, 0.9890392499387624, -0.09605140961747594], [-0.25839684430206034, 0.06431170503486175, 0.9638957803882355]], "fy": 1733.508279918479, "fx": 1693.9534464760302}, {"id": 19, "img_name": "frame_00020", "width": 1059, "height": 858, "position": [-4.1502565211457965, 0.2517238421866659, -0.030550821651076924], "rotation": [[0.9603736800072223, 0.1322973269487902, 0.24531573946974963], [-0.11193358502208334, 0.9891416015725597, -0.09523531163688898], [-0.25525138059076047, 0.06400241652216125, 0.9647540740446937]], "fy": 1733.508279918479, "fx": 1693.9534464760302}, {"id": 20, "img_name": "frame_00021", "width": 1059, "height": 858, "position": [-4.078536474735217, 0.22560976709769426, -0.03399304245692223], "rotation": [[0.9611854628455148, 0.1315178181083521, 0.2425398308205723], [-0.11151078454284406, 0.9892588458874272, -0.09451074417289747], [-0.2523645199807074, 0.06379654656400978, 0.9655268767369518]], "fy": 1733.508279918479, "fx": 1693.9534464760302}, {"id": 21, "img_name": "frame_00022", "width": 1059, "height": 858, "position": [-4.005667642348063, 0.20798595384620847, -0.023891680028964087], "rotation": [[0.9619835414595116, 0.13081538237975493, 0.23973944542743622], [-0.11116849865415934, 0.9893671403657223, -0.09377753713727668], [-0.2494578739346513, 0.06356097306831943, 0.9662974551527143]], "fy": 1733.508279918479, "fx": 1693.9534464760302}, {"id": 22, "img_name": "frame_00023", "width": 1059, "height": 858, "position": [-3.943751159717446, 0.1966209790923947, 0.005186228167808894], "rotation": [[0.9628035088399917, 0.1299698620782702, 0.2368907729666894], [-0.11070493625109865, 0.9894976868940155, -0.09294484773796254], [-0.24648290093846337, 0.06326264761095828, 0.9670801502265524]], "fy": 1733.508279918479, "fx": 1693.9534464760302}, {"id": 23, "img_name": "frame_00024", "width": 1059, "height": 858, "position": [-3.886804493975848, 0.18928647472168514, 0.015906986810955766], "rotation": [[0.9636212905529244, 0.12911230966677795, 0.23401713588031653], [-0.11019242896178458, 0.989619811082541, -0.09225106022403388], [-0.2434987412546901, 0.063108169086627, 0.9678459185231476]], "fy": 1733.508279918479, "fx": 1693.9534464760302}, {"id": 24, "img_name": "frame_00025", "width": 1059, "height": 858, "position": [-3.8280082693381807, 0.18395771302829242, 0.026468758368509503], "rotation": [[0.9644819040632506, 0.12806800995889508, 0.2310264953629669], [-0.1094554479129906, 0.9897517583525517, -0.09171129570668168], [-0.24040416314343066, 0.06316677657756617, 0.9686154018391958]], "fy": 1733.508279918479, "fx": 1693.9534464760302}, {"id": 25, "img_name": "frame_00026", "width": 1059, "height": 858, "position": [-3.7708348705893404, 0.17759474270767187, 0.0160234993082632], "rotation": [[0.9652902556346389, 0.12698733442301446, 0.22823001396168544], [-0.10870952149224929, 0.9898997873470033, -0.09099808210772324], [-0.2374804461713424, 0.06302878633208182, 0.9693453511415657]], "fy": 1733.508279918479, "fx": 1693.9534464760302}, {"id": 26, "img_name": "frame_00027", "width": 1059, "height": 858, "position": [-3.722292929724664, 0.15882048319783298, 0.02221215334807698], "rotation": [[0.9661205312749723, 0.12567637280309318, 0.22542530551830983], [-0.10768006879229804, 0.990060277757939, -0.09047457759370138], [-0.23455515733799448, 0.06313553456596907, 0.9700504020107501]], "fy": 1733.508279918479, "fx": 1693.9534464760302}, {"id": 27, "img_name": "frame_00028", "width": 1059, "height": 858, "position": [-3.6882581627833573, 0.13817243598386703, -0.005162322870305853], "rotation": [[0.966935328595107, 0.12454937573836615, 0.22253881305933065], [-0.10688982302032972, 0.9902111255357893, -0.08975796677636966], [-0.2315397072844203, 0.0630030147558716, 0.9707831807784456]], "fy": 1733.508279918479, "fx": 1693.9534464760302}, {"id": 28, "img_name": "frame_00029", "width": 1059, "height": 858, "position": [-3.6483785740695787, 0.11889578696367774, -0.03446242275405044], "rotation": [[0.9676846387245663, 0.12359240997660287, 0.21979844442734486], [-0.10621497215926463, 0.9903305794622661, -0.08923969448142739], [-0.22870246974117256, 0.06300999585865062, 0.9714550533895949]], "fy": 1733.508279918479, "fx": 1693.9534464760302}, {"id": 29, "img_name": "frame_00030", "width": 1059, "height": 858, "position": [-3.6042292842804544, 0.10311973040472804, -0.0327429455139472], "rotation": [[0.96840367616125, 0.12238670684880354, 0.2172920016569453], [-0.10528053618847323, 0.9904813500115577, -0.08867188945291242], [-0.2260759356880879, 0.06299356527445453, 0.9720707186397338]], "fy": 1733.508279918479, "fx": 1693.9534464760302}, {"id": 30, "img_name": "frame_00031", "width": 1059, "height": 858, "position": [-3.560693556771494, 0.09092535149702156, -0.02411345739755242], "rotation": [[0.9690491302307449, 0.12152275409120478, 0.21488602429456707], [-0.1046815421050769, 0.9905931355725621, -0.08813066718811674], [-0.22357450199327222, 0.0629083459853155, 0.9726546057382611]], "fy": 1733.508279918479, "fx": 1693.9534464760302}, {"id": 31, "img_name": "frame_00032", "width": 1059, "height": 858, "position": [-3.526468693651948, 0.09243963171428915, -0.021350527239606506], "rotation": [[0.9697357601416099, 0.12053728043436826, 0.21232832954662637], [-0.10394899214789972, 0.9907112477304845, -0.0876688693422176], [-0.22092343138293455, 0.06294432179151191, 0.9732578537161655]], "fy": 1733.508279918479, "fx": 1693.9534464760302}, {"id": 32, "img_name": "frame_00033", "width": 1059, "height": 858, "position": [-3.488445924473217, 0.09423365892856553, -0.01417401587863136], "rotation": [[0.9703849085556199, 0.11939061831974719, 0.209997641664685], [-0.10302899089070078, 0.990845339732407, -0.08723840763456708], [-0.2184906320269702, 0.0630189891048678, 0.9738020593162945]], "fy": 1733.508279918479, "fx": 1693.9534464760302}, {"id": 33, "img_name": "frame_00034", "width": 1059, "height": 858, "position": [-3.4225080738094955, 0.08741980245496418, -0.009441163757115976], "rotation": [[0.9711641680546509, 0.11809684103414558, 0.20710696469330425], [-0.10192381116542959, 0.9909690322399439, -0.08713158932868748], [-0.2155265538262784, 0.06350994630122864, 0.9744304958880257]], "fy": 1733.508279918479, "fx": 1693.9534464760302}, {"id": 34, "img_name": "frame_00035", "width": 1059, "height": 858, "position": [-3.3494342221814053, 0.06272844144020917, -0.028995497716139202], "rotation": [[0.9718972505084439, 0.11688213286567564, 0.20433869303413324], [-0.10094406066491429, 0.9910992897434192, -0.08678994461669035], [-0.21266412737132062, 0.06372413111891463, 0.975045231793138]], "fy": 1733.508279918479, "fx": 1693.9534464760302}, {"id": 35, "img_name": "frame_00036", "width": 1059, "height": 858, "position": [-3.2780225888296948, 0.03241318184281917, -0.061312678863883], "rotation": [[0.9726001895951982, 0.11586166708834339, 0.2015563080106758], [-0.10014966155989326, 0.9912041972817799, -0.08651175978109066], [-0.20980685519978456, 0.06395555793277224, 0.9756488969504779]], "fy": 1733.508279918479, "fx": 1693.9534464760302}, {"id": 36, "img_name": "frame_00037", "width": 1059, "height": 858, "position": [-3.2202998426027825, -0.004449004149771823, -0.08424547635217526], "rotation": [[0.9733467379964259, 0.11456405217567313, 0.1986736157138303], [-0.09912387293788377, 0.9913495652311717, -0.08602614329238117], [-0.20681050612943083, 0.06403996771592466, 0.9762828980830466]], "fy": 1733.508279918479, "fx": 1693.9534464760302}, {"id": 37, "img_name": "frame_00038", "width": 1059, "height": 858, "position": [-3.173050479730143, -0.04239343026007804, -0.1143707644366306], "rotation": [[0.9740413320233162, 0.11349052994762569, 0.19586572727879406], [-0.09828509394346774, 0.9914604657460095, -0.08570988957658178], [-0.20392038598131274, 0.06423429360484315, 0.9768779001012968]], "fy": 1733.508279918479, "fx": 1693.9534464760302}, {"id": 38, "img_name": "frame_00039", "width": 1059, "height": 858, "position": [-3.1179791349261654, -0.08811032562677666, -0.1402547280931841], "rotation": [[0.9748044583194664, 0.11213273732777095, 0.1928276880011604], [-0.09712999670374331, 0.9915837001744114, -0.08560098883046854], [-0.20080346555979195, 0.06471487284855243, 0.9774916641339573]], "fy": 1733.508279918479, "fx": 1693.9534464760302}, {"id": 39, "img_name": "frame_00040", "width": 1059, "height": 858, "position": [-3.0641415767873115, -0.13416406069746364, -0.1733902397826573], "rotation": [[0.9754766879987381, 0.11125765197508916, 0.18991304865122488], [-0.09649946796799833, 0.991671867584226, -0.08529220201112656], [-0.197820837762117, 0.06487404657490925, 0.9780890931955487]], "fy": 1733.508279918479, "fx": 1693.9534464760302}, {"id": 40, "img_name": "frame_00041", "width": 1059, "height": 858, "position": [-3.023213730866472, -0.17087989106451257, -0.184605079185757], "rotation": [[0.976156257676004, 0.11046844535947137, 0.1868573872766081], [-0.09599337678658418, 0.9917594916731303, -0.08484328075553871], [-0.19469009274507962, 0.06488322784908106, 0.9787164730047189]], "fy": 1733.508279918479, "fx": 1693.9534464760302}, {"id": 41, "img_name": "frame_00042", "width": 1059, "height": 858, "position": [-3.002756284777511, -0.19670551369784212, -0.20231141904313496], "rotation": [[0.9768769744988682, 0.1094706478383492, 0.18365063015353292], [-0.09518312215544719, 0.9918316506356663, -0.08491260244552008], [-0.1914459452448101, 0.06546872580997626, 0.9793172601308217]], "fy": 1733.508279918479, "fx": 1693.9534464760302}, {"id": 42, "img_name": "frame_00043", "width": 1059, "height": 858, "position": [-2.9603225673926543, -0.2163491007586554, -0.2691895568046995], "rotation": [[0.9776265583082263, 0.10838660967350378, 0.18027383430186394], [-0.09433904221844673, 0.9919239632592147, -0.08477615363672814], [-0.1880065360664849, 0.06587255844139911, 0.9799562992504646]], "fy": 1733.508279918479, "fx": 1693.9534464760302}, {"id": 43, "img_name": "frame_00044", "width": 1059, "height": 858, "position": [-2.8885473888402697, -0.2396234487686959, -0.31960212304911373], "rotation": [[0.9783137714891825, 0.10754611074655097, 0.17701976889009383], [-0.09374379757764469, 0.9919961068782805, -0.08459210574312812], [-0.18470047355200042, 0.06616311662569699, 0.9805652334587646]], "fy": 1733.508279918479, "fx": 1693.9534464760302}, {"id": 44, "img_name": "frame_00045", "width": 1059, "height": 858, "position": [-2.814808042334749, -0.2505083499266825, -0.36855918203998866], "rotation": [[0.9789862807737587, 0.10695759917164586, 0.17362584495460584], [-0.09340198263799548, 0.9920384513901068, -0.08447354972303556], [-0.18127860242194851, 0.0664814481111544, 0.9811820857317918]], "fy": 1733.508279918479, "fx": 1693.9534464760302}, {"id": 45, "img_name": "frame_00046", "width": 1059, "height": 858, "position": [-2.7680950430371545, -0.23447955167075119, -0.4285593394100891], "rotation": [[0.9796404531758125, 0.10645410502006726, 0.17021194442771947], [-0.09316286654343232, 0.9920778066131041, -0.08427517975740545], [-0.17783493132368342, 0.0667019426262, 0.9817971216351126]], "fy": 1733.508279918479, "fx": 1693.9534464760302}, {"id": 46, "img_name": "frame_00047", "width": 1059, "height": 858, "position": [-2.7372687046300213, -0.19671813696322626, -0.46345453642806234], "rotation": [[0.9803902339205611, 0.10557997872486245, 0.16639668664262816], [-0.09256919063230053, 0.9921467443917359, -0.08411767078658357], [-0.17397107282208787, 0.06706493633290679, 0.9824644319952734]], "fy": 1733.508279918479, "fx": 1693.9534464760302}, {"id": 47, "img_name": "frame_00048", "width": 1059, "height": 858, "position": [-2.709030869765873, -0.15277904165657807, -0.513805645768721], "rotation": [[0.9811759421990992, 0.10454174394166116, 0.16237239366144154], [-0.09178660037066036, 0.9922139229471391, -0.08418284327726859], [-0.1699087709393094, 0.06769457056134282, 0.9831319619839487]], "fy": 1733.508279918479, "fx": 1693.9534464760302}, {"id": 48, "img_name": "frame_00049", "width": 1059, "height": 858, "position": [-2.6894500651071143, -0.11646489541290928, -0.5590947052415983], "rotation": [[0.9819660939351429, 0.10330066069225012, 0.15834002609038156], [-0.09080818944186426, 0.9923011145266104, -0.08421621482551406], [-0.16582057499613428, 0.06831889643276781, 0.9837865954047961]], "fy": 1733.508279918479, "fx": 1693.9534464760302}, {"id": 49, "img_name": "frame_00050", "width": 1059, "height": 858, "position": [-2.663225151868205, -0.09061210144841979, -0.6174463538675714], "rotation": [[0.9828120714668204, 0.10211405860701882, 0.15379581013115995], [-0.08994400928199518, 0.9923872470600645, -0.08412863404826534], [-0.1612157168931672, 0.06884962532468071, 0.984514713815529]], "fy": 1733.508279918479, "fx": 1693.9534464760302}, {"id": 50, "img_name": "frame_00051", "width": 1059, "height": 858, "position": [-2.6590702210164094, -0.07256713920533397, -0.6881911383291143], "rotation": [[0.9836128637007056, 0.10059385489384326, 0.1496215583400126], [-0.08867781768424976, 0.9924864809765822, -0.08430201497876195], [-0.15697763857714367, 0.06965243309689083, 0.9851429132620437]], "fy": 1733.508279918479, "fx": 1693.9534464760302}, {"id": 51, "img_name": "frame_00052", "width": 1059, "height": 858, "position": [-2.6545477092135474, -0.0840472224564045, -0.7294321354700569], "rotation": [[0.9844270883821351, 0.09938495611065273, 0.14500323499272494], [-0.08785135887489927, 0.9925941029103871, -0.08389925870564766], [-0.15226768010088496, 0.06985397172965302, 0.9858676261193929]], "fy": 1733.508279918479, "fx": 1693.9534464760302}, {"id": 52, "img_name": "frame_00053", "width": 1059, "height": 858, "position": [-2.6362168291820067, -0.09140908444613884, -0.7671001453594024], "rotation": [[0.9851802358890412, 0.09861321438691203, 0.1403400753950703], [-0.08740438361020077, 0.9926316931332999, -0.0839213650570511], [-0.1475817622178769, 0.07041133243732073, 0.9865403528113115]], "fy": 1733.508279918479, "fx": 1693.9534464760302}, {"id": 53, "img_name": "frame_00054", "width": 1059, "height": 858, "position": [-2.6113950990544557, -0.080961806451937, -0.8090870117507292], "rotation": [[0.9859454125484136, 0.0978244293465955, 0.13543273052608673], [-0.08700092529218634, 0.9926887350414968, -0.0836654906160018], [-0.14262707482467024, 0.07070683379084246, 0.9872477202719854]], "fy": 1733.508279918479, "fx": 1693.9534464760302}, {"id": 54, "img_name": "frame_00055", "width": 1059, "height": 858, "position": [-2.548213973996114, -0.07792319714668393, -0.8354755431955025], "rotation": [[0.9867585952925532, 0.09670806707696947, 0.1302114602425753], [-0.08626426841464359, 0.9927584942193328, -0.08360052721274726], [-0.13735337859387994, 0.07126094244113915, 0.9879554278768081]], "fy": 1733.508279918479, "fx": 1693.9534464760302}, {"id": 55, "img_name": "frame_00056", "width": 1059, "height": 858, "position": [-2.4753953769570853, -0.08248752328326152, -0.8697022096433447], "rotation": [[0.9875406619335707, 0.09563035829123266, 0.12497309950903626], [-0.08557025547633247, 0.9928238258087371, -0.08353790926410458], [-0.1320650309715642, 0.07180310215856305, 0.9886370123128542]], "fy": 1733.508279918479, "fx": 1693.9534464760302}, {"id": 56, "img_name": "frame_00057", "width": 1059, "height": 858, "position": [-2.4026886011920054, -0.08351736290307073, -0.8985440248857431], "rotation": [[0.9883074019854569, 0.09462760773885229, 0.11955791498005632], [-0.08498991852295272, 0.9928937855141983, -0.08329852601785423], [-0.12659065103797487, 0.07216333238499441, 0.9893266702807899]], "fy": 1733.508279918479, "fx": 1693.9534464760302}, {"id": 57, "img_name": "frame_00058", "width": 1059, "height": 858, "position": [-2.3360118057407058, -0.06895787691304829, -0.9484939072905437], "rotation": [[0.9889992995297225, 0.09392366272952805, 0.11427480522489634], [-0.08472383638858552, 0.9929524124193952, -0.08286964593929112], [-0.1212528642025347, 0.07227622188502345, 0.9899868133832432]], "fy": 1733.508279918479, "fx": 1693.9534464760302}, {"id": 58, "img_name": "frame_00059", "width": 1059, "height": 858, "position": [-2.273984356245312, -0.046674747621063196, -0.9774517520964193], "rotation": [[0.989731665276521, 0.09268706939687667, 0.10881331681179199], [-0.08391810037011313, 0.9930448030457045, -0.08258190827408746], [-0.11571077382524265, 0.07260252275600862, 0.9906260094052786]], "fy": 1733.508279918479, "fx": 1693.9534464760302}, {"id": 59, "img_name": "frame_00060", "width": 1059, "height": 858, "position": [-2.2070333992349402, -0.028949778375710805, -1.0216317101622578], "rotation": [[0.9904434262735173, 0.09160201522900616, 0.10310620814267475], [-0.08329647570567042, 0.9931311962594592, -0.08217130978188351], [-0.10992504940453886, 0.07279764984009118, 0.991270389798449]], "fy": 1733.508279918479, "fx": 1693.9534464760302}, {"id": 60, "img_name": "frame_00061", "width": 1059, "height": 858, "position": [-2.1254530820551127, -0.01972100067632781, -1.0604954426321294], "rotation": [[0.9911541441074411, 0.09036273022105916, 0.09720102677257092], [-0.08252770797001456, 0.9932245364088987, -0.08181807680790314], [-0.10393574955645417, 0.07307254793918179, 0.9918960443019288]], "fy": 1733.508279918479, "fx": 1693.9534464760302}, {"id": 61, "img_name": "frame_00062", "width": 1059, "height": 858, "position": [-2.0564822673781906, -0.015342757217136172, -1.0860977636819604], "rotation": [[0.9918036777187762, 0.08923111533925061, 0.09145093175481221], [-0.08188127181486446, 0.9933288630294219, -0.08119868963632434], [-0.09808629970332375, 0.07304504040651354, 0.992493576746228]], "fy": 1733.508279918479, "fx": 1693.9534464760302}, {"id": 62, "img_name": "frame_00063", "width": 1059, "height": 858, "position": [-1.993083299622908, -0.01577024946082462, -1.0663017036925277], "rotation": [[0.9924451214659004, 0.08786232930564587, 0.08563230679784666], [-0.0809932903273741, 0.9934473462990487, -0.08063781404107806], [-0.0921562141175514, 0.07309296286486164, 0.9930582314140273]], "fy": 1733.508279918479, "fx": 1693.9534464760302}, {"id": 63, "img_name": "frame_00064", "width": 1059, "height": 858, "position": [-1.9248629481550876, -0.01131110443684599, -1.0475576694417008], "rotation": [[0.99303855161081, 0.08678177773047281, 0.07964520116519004], [-0.08039561704120757, 0.9935341965669403, -0.0801644872287485], [-0.086087047662632, 0.07320330119621311, 0.9935946341032182]], "fy": 1733.508279918479, "fx": 1693.9534464760302}, {"id": 64, "img_name": "frame_00065", "width": 1059, "height": 858, "position": [-1.8584147306198724, -0.00836665664087149, -1.0198435634651097], "rotation": [[0.9936187702851569, 0.08551727677021888, 0.07354274070782492], [-0.0796390982751716, 0.9936519303894414, -0.0794572542896759], [-0.07987085427695224, 0.07309334174288684, 0.9941217279739576]], "fy": 1733.508279918479, "fx": 1693.9534464760302}, {"id": 65, "img_name": "frame_00066", "width": 1059, "height": 858, "position": [-1.788490688381802, -0.009641708853965172, -1.0024426219696636], "rotation": [[0.9941814123382187, 0.08413347974220545, 0.06726720558825769], [-0.07876401658615687, 0.9937704855076042, -0.07884447872359995], [-0.07348162390965943, 0.07308747991584127, 0.9946148356158533]], "fy": 1733.508279918479, "fx": 1693.9534464760302}, {"id": 66, "img_name": "frame_00067", "width": 1059, "height": 858, "position": [-1.7223644850207191, -0.018065753354114672, -0.9912739754288212], "rotation": [[0.9947082790958395, 0.08269803053569398, 0.06096290055198199], [-0.07784115617846366, 0.9938981445878059, -0.07814878495355657], [-0.06705366435172243, 0.07298982073162412, 0.9950760233100645]], "fy": 1733.508279918479, "fx": 1693.9534464760302}, {"id": 67, "img_name": "frame_00068", "width": 1059, "height": 858, "position": [-1.6487134993217862, -0.031068100283077847, -0.9950731175249604], "rotation": [[0.9951800109871679, 0.08150829812421076, 0.05452653545270387], [-0.07717235282433264, 0.9940098645380069, -0.07738744834073347], [-0.060507633329497476, 0.0728065006577555, 0.9955089350532397]], "fy": 1733.508279918479, "fx": 1693.9534464760302}, {"id": 68, "img_name": "frame_00069", "width": 1059, "height": 858, "position": [-1.570899415482674, -0.04389641674640488, -1.009982527013497], "rotation": [[0.9956169343571927, 0.08018565544570509, 0.04813710296567886], [-0.07637829861380477, 0.9941544010858773, -0.07631108898738731], [-0.05397476745708286, 0.07229998245036538, 0.9959214010230079]], "fy": 1733.508279918479, "fx": 1693.9534464760302}, {"id": 69, "img_name": "frame_00070", "width": 1059, "height": 858, "position": [-1.4987416929828876, -0.06515770473621574, -1.0096076273886947], "rotation": [[0.9960255819493663, 0.07878663959701147, 0.04154161195039328], [-0.07550931878756331, 0.9942977236867837, -0.07530192193774495], [-0.04723751558522714, 0.07186586180023667, 0.9962950943515906]], "fy": 1733.508279918479, "fx": 1693.9534464760302}, {"id": 70, "img_name": "frame_00071", "width": 1059, "height": 858, "position": [-1.4181314017471216, -0.09314524355733664, -1.0293331884966768], "rotation": [[0.9963939678449278, 0.07736030509272812, 0.03484887427451231], [-0.07460424268031095, 0.9944307307947947, -0.07444278759576238], [-0.04041370827254054, 0.07157447063646748, 0.9966161885785177]], "fy": 1733.508279918479, "fx": 1693.9534464760302}, {"id": 71, "img_name": "frame_00072", "width": 1059, "height": 858, "position": [-1.3369802387619962, -0.12189466586804576, -1.043136953889571], "rotation": [[0.9967059108091052, 0.07607731616991655, 0.028099276193071735], [-0.07384587353565057, 0.9945676476674896, -0.07336198726120344], [-0.03352781412422642, 0.07104531073574684, 0.99690944899851]], "fy": 1733.508279918479, "fx": 1693.9534464760302}, {"id": 72, "img_name": "frame_00073", "width": 1059, "height": 858, "position": [-1.270939068975392, -0.1342431479932756, -1.0362715697039089], "rotation": [[0.9969460431718632, 0.07506110893578931, 0.02155033478382431], [-0.07333339705002923, 0.9946981024313195, -0.07209644857158157], [-0.026847716496344716, 0.07029590987291875, 0.9971648234740685]], "fy": 1733.508279918479, "fx": 1693.9534464760302}, {"id": 73, "img_name": "frame_00074", "width": 1059, "height": 858, "position": [-1.2077162160304395, -0.13762647761607952, -1.025438725840909], "rotation": [[0.9971843643885342, 0.07349842100691384, 0.014877013427612194], [-0.07226341606579349, 0.994840798872281, -0.07120241286405585], [-0.02003352484054984, 0.06992686900363757, 0.9973509366686388]], "fy": 1733.508279918479, "fx": 1693.9534464760302}, {"id": 74, "img_name": "frame_00075", "width": 1059, "height": 858, "position": [-1.1384798972538788, -0.1495255868982644, -1.0053586153222644], "rotation": [[0.9973725707565528, 0.07199620632297167, 0.008031274965100024], [-0.07125784787393105, 0.9949808191634975, -0.07025303276806828], [-0.013048916385686843, 0.0694961565256358, 0.9974968721802207]], "fy": 1733.508279918479, "fx": 1693.9534464760302}, {"id": 75, "img_name": "frame_00076", "width": 1059, "height": 858, "position": [-1.0466043695143228, -0.16503819699567154, -0.9936908355706457], "rotation": [[0.9975063277306694, 0.07056658019514711, 0.0012181530429984885], [-0.07031320421828498, 0.9951197582579491, -0.06922947376081102], [-0.006097495373679944, 0.06897118589819186, 0.9976000180763657]], "fy": 1733.508279918479, "fx": 1693.9534464760302}, {"id": 76, "img_name": "frame_00077", "width": 1059, "height": 858, "position": [-0.9448008860600142, -0.17603748008087744, -0.9727628628506385], "rotation": [[0.9975814933863097, 0.06927457590494644, -0.005674256456107255], [-0.0695004164802932, 0.9952504174972021, -0.06816376295885208], [0.0009252903358671644, 0.06839327163423753, 0.9976580096570967]], "fy": 1733.508279918479, "fx": 1693.9534464760302}, {"id": 77, "img_name": "frame_00078", "width": 1059, "height": 858, "position": [-0.8384244966373372, -0.1835173622979306, -0.9371428249921634], "rotation": [[0.9976072215930155, 0.06796152020839219, -0.01269106758425598], [-0.06866272978869502, 0.9953869090836726, -0.0670099303298941], [0.0080784258013865, 0.06772099375981502, 0.99767159227912]], "fy": 1733.508279918479, "fx": 1693.9534464760302}, {"id": 78, "img_name": "frame_00079", "width": 1059, "height": 858, "position": [-0.7308606308034251, -0.18656818851740942, -0.8901131875097903], "rotation": [[0.9975835985928629, 0.06658683433959191, -0.019828194853419363], [-0.06775742446991329, 0.9955303734976692, -0.06578910907434], [0.015358881720926715, 0.06697364359375377, 0.9976365249007574]], "fy": 1733.508279918479, "fx": 1693.9534464760302}, {"id": 79, "img_name": "frame_00080", "width": 1059, "height": 858, "position": [-0.6228173737480662, -0.18530674916865603, -0.8698066803826127], "rotation": [[0.9975244076760775, 0.0650147694697918, -0.026798056669849763], [-0.066632379466561, 0.9956781489131575, -0.06469273362203959], [0.022476256296698353, 0.06631819906826315, 0.9975453445208531]], "fy": 1733.508279918479, "fx": 1693.9534464760302}, {"id": 80, "img_name": "frame_00081", "width": 1059, "height": 858, "position": [-0.5243054472540882, -0.1915411619492669, -0.8393524800842654], "rotation": [[0.9973939155743407, 0.06365480039236518, -0.03396238452012786], [-0.06572019224819595, 0.9958072894362908, -0.06362938500730231], [0.029769674270052792, 0.06569557589789043, 0.9973955372876397]], "fy": 1733.508279918479, "fx": 1693.9534464760302}, {"id": 81, "img_name": "frame_00082", "width": 1059, "height": 858, "position": [-0.42909493557273576, -0.19983202069563683, -0.8077325641431742], "rotation": [[0.997212169040021, 0.06226773935251693, -0.04111713212790799], [-0.06476012395091633, 0.9959505892967444, -0.062358239434171965], [0.0370677253734132, 0.06484714577677711, 0.9972065139279057]], "fy": 1733.508279918479, "fx": 1693.9534464760302}, {"id": 82, "img_name": "frame_00083", "width": 1059, "height": 858, "position": [-0.3170444170432868, -0.19139422766659653, -0.7792102053964517], "rotation": [[0.9969485575930105, 0.06078679593349628, -0.04897488084064561], [-0.063740861857442, 0.9960880597060292, -0.061201959451873], [0.04506302301096154, 0.06413690631155897, 0.9969231571218995]], "fy": 1733.508279918479, "fx": 1693.9534464760302}, {"id": 83, "img_name": "frame_00084", "width": 1059, "height": 858, "position": [-0.2071500317051831, -0.1841288719793906, -0.7352341752250132], "rotation": [[0.9966395373701074, 0.059300775610550825, -0.05650708418141504], [-0.06268745757452869, 0.9962174538362105, -0.060175305025727606], [0.052724901266290564, 0.06351537360422903, 0.9965871171665701]], "fy": 1733.508279918479, "fx": 1693.9534464760302}, {"id": 84, "img_name": "frame_00085", "width": 1059, "height": 858, "position": [-0.10337473574293378, -0.18639947808388732, -0.7140170065041993], "rotation": [[0.9962814211474226, 0.05767332644403787, -0.06400872825913057], [-0.06146091684270324, 0.9963717637658247, -0.05887158967646285], [0.06038116906226722, 0.06258670615281596, 0.9962113323163991]], "fy": 1733.508279918479, "fx": 1693.9534464760302}, {"id": 85, "img_name": "frame_00086", "width": 1059, "height": 858, "position": [0.008889511200404621, -0.1899358605722444, -0.7002695539726072], "rotation": [[0.9958512841226775, 0.056142187504252775, -0.0716119731151958], [-0.06033586466340794, 0.996502830851259, -0.05780736580009688], [0.06811610196226088, 0.061888309781933874, 0.9957560111622737]], "fy": 1733.508279918479, "fx": 1693.9534464760302}, {"id": 86, "img_name": "frame_00087", "width": 1059, "height": 858, "position": [0.11017968736992666, -0.19099666776576557, -0.6765478441254876], "rotation": [[0.9953695314708685, 0.05458716177747901, -0.07911850345237186], [-0.05916661738972353, 0.9966342570388935, -0.05674036555390635], [0.07575491539247935, 0.061158805299091575, 0.9952491111918996]], "fy": 1733.508279918479, "fx": 1693.9534464760302}, {"id": 87, "img_name": "frame_00088", "width": 1059, "height": 858, "position": [0.2271395156657944, -0.1902515633961388, -0.6577150026999726], "rotation": [[0.9948143914137821, 0.05299895348691375, -0.08680689814362755], [-0.05796486469428022, 0.9967624136636506, -0.0557204196716709], [0.08357272938584667, 0.06046322549041936, 0.9946656711007448]], "fy": 1733.508279918479, "fx": 1693.9534464760302}, {"id": 88, "img_name": "frame_00089", "width": 1059, "height": 858, "position": [0.3340229845001286, -0.18137324051840234, -0.6243597819879607], "rotation": [[0.9941691518706408, 0.05153247713744026, -0.09472117645431842], [-0.05687426532172991, 0.9968879522302599, -0.05458689075476299], [0.09161340192856282, 0.059655800206167335, 0.994006121756218]], "fy": 1733.508279918479, "fx": 1693.9534464760302}, {"id": 89, "img_name": "frame_00090", "width": 1059, "height": 858, "position": [0.4468716355246252, -0.16688360036434388, -0.5964775685219065], "rotation": [[0.9934626169553643, 0.04970904618883587, -0.10276691801934804], [-0.05543309600447658, 0.9970219454778719, -0.05361354402459937], [0.09979579439814937, 0.05895974018358081, 0.993259557446052]], "fy": 1733.508279918479, "fx": 1693.9534464760302}, {"id": 90, "img_name": "frame_00091", "width": 1059, "height": 858, "position": [0.5372539416192393, -0.16083495523042182, -0.5718969675573947], "rotation": [[0.9927075085500998, 0.04766112212162399, -0.11072587731131779], [-0.05373220248775193, 0.9971739158626792, -0.05250744650909411], [0.10791039284549277, 0.058074081664696166, 0.9924629706718198]], "fy": 1733.508279918479, "fx": 1693.9534464760302}, {"id": 91, "img_name": "frame_00092", "width": 1059, "height": 858, "position": [0.6248178678737749, -0.16648649197875418, -0.5476540651205779], "rotation": [[0.9918787793086552, 0.04565826829525297, -0.11870892844875194], [-0.05206107773935179, 0.9973199309973035, -0.051406219664072265], [0.11604366135980622, 0.057168853161598206, 0.9915974943929611]], "fy": 1733.508279918479, "fx": 1693.9534464760302}, {"id": 92, "img_name": "frame_00093", "width": 1059, "height": 858, "position": [0.7151023391311151, -0.17337852588134067, -0.5202763422686861], "rotation": [[0.9909674451935861, 0.04367896874706545, -0.12678986653392307], [-0.05042286927295417, 0.9974516395530648, -0.05047535049096197], [0.12426204899638393, 0.05641253798665472, 0.9906445218831648]], "fy": 1733.508279918479, "fx": 1693.9534464760302}, {"id": 93, "img_name": "frame_00094", "width": 1059, "height": 858, "position": [0.8237444364109181, -0.18145716539799311, -0.4910681259296748], "rotation": [[0.9899547693704925, 0.04160608419797618, -0.13512397403246287], [-0.0486941509161847, 0.9975824062403983, -0.04958046415846513], [0.13273445018971755, 0.055662164145206694, 0.9895874338407422]], "fy": 1733.508279918479, "fx": 1693.9534464760302}, {"id": 94, "img_name": "frame_00095", "width": 1059, "height": 858, "position": [0.9544683747064596, -0.19567364096433984, -0.48116061693180523], "rotation": [[0.988871168099188, 0.0396525582987001, -0.14339277360632874], [-0.047048032473109326, 0.9977117674437959, -0.04855627399818017], [0.14113927710795784, 0.05476224725616441, 0.988473975748931]], "fy": 1733.508279918479, "fx": 1693.9534464760302}, {"id": 95, "img_name": "frame_00096", "width": 1059, "height": 858, "position": [1.090641906899997, -0.21026523747676262, -0.4611381554977211], "rotation": [[0.9877025993645807, 0.03754476527958594, -0.15176944952312157], [-0.0452528567475563, 0.9978381934889381, -0.04765625426864476], [0.14965211045834165, 0.05393820737504511, 0.9872663853390993]], "fy": 1733.508279918479, "fx": 1693.9534464760302}, {"id": 96, "img_name": "frame_00097", "width": 1059, "height": 858, "position": [1.2279323270698166, -0.2246585650951568, -0.44074279208251493], "rotation": [[0.9864574147015517, 0.03557861941226996, -0.16011224444447736], [-0.04357358144522497, 0.9979580628248391, -0.04670168993656178], [0.15812372364818497, 0.05304589224069341, 0.9859934185054288]], "fy": 1733.508279918479, "fx": 1693.9534464760302}, {"id": 97, "img_name": "frame_00098", "width": 1059, "height": 858, "position": [1.345188311318838, -0.234930376470042, -0.4090950083726562], "rotation": [[0.9851454291163516, 0.03348424804844896, -0.16842591434749357], [-0.041753901402386745, 0.9980776713829038, -0.045799275153214795], [0.16656859010281336, 0.052151385595303724, 0.9846497538575077]], "fy": 1733.508279918479, "fx": 1693.9534464760302}, {"id": 98, "img_name": "frame_00099", "width": 1059, "height": 858, "position": [1.4548701586785873, -0.23228066484362675, -0.3769345226021784], "rotation": [[0.9837431247073797, 0.0313894443405548, -0.1768167621436158], [-0.03997594906138578, 0.9981773421829689, -0.04520970083052785], [0.1750753783020396, 0.051543150238761645, 0.983